	Country	Total Cases	Today's Case	Deaths	Today's Deaths	Recovered	Today's Recovered	Active	Critical	Tests	Population
0	Afghanistan	178922	0	7684	0	161936	0	9302	1124	945304	40543827
1	Albania	275310	0	3496	0	271529	0	285	2	1811203	2872005
2	Algeria	265794	0	6875	0	178362	0	80557	6	230861	45310353
3	Andorra	41717	0	153	0	41021	0	543	14	249838	77493
4	Angola	99194	0	1900	0	97149	0	145	0	1499795	34749632
5	Anguilla	2788	0	9	0	2766	0	13	4	51382	15250
6	Antigua and Barbuda	7663	0	137	0	7471	0	55	1	18901	99424
7	Argentina	9083673	0	128653	0	8895999	0	59021	372	35716069	45960250
8	Armenia	422877	0	8622	0	412026	0	2229	0	3059332	2973452
9	Aruba	35189	0	212	0	34774	0	203	0	177885	107602
10	Australia	6249101	35289	7513	18	5874822	0	366766	131	69958657	26045243
11	Austria	4177928	0	18242	0	4090144	0	69542	78	184069396	9101125
12	Azerbaijan	792618	0	9709	0	782849	0	60	0	6832323	10307637
13	Bahamas	33695	0	798	0	32408	0	489	0	229817	400170
14	Bahrain	572082	0	1477	0	566702	0	3903	1	9746082	1810521
15	Bangladesh	1952776	0	29127	0	1897263	0	26386	1273	14007248	167713805
16	Barbados	73198	0	405	0	68533	0	4260	0	658582	288024
17	Belarus	982331	0	6969	0	928536	0	46826	0	13202907	9443594
18	Belgium	4088336	0	31552	0	3884180	0	172604	124	33714218	11682599
19	Belize	57612	0	676	0	56692	0	244	6	543928	410931
20	Benin	26952	0	163	0	25506	0	1283	5	604310	12708247
21	Bermuda	13832	0	131	0	13289	0	412	0	885175	61854
22	Bhutan	59483	0	21	0	59161	0	301	2	2302355	787269
23	Bolivia	905428	73	21925	0	861685	282	21818	220	2705422	11966508
24	Bosnia	377276	0	15768	0	192218	0	169290	0	1762038	3243211
25	Botswana	305859	0	2688	0	303026	0	145	1	2026898	2439127
26	Brazil	30558530	0	664179	0	29617164	0	277187	8318	63776166	215344649
27	British Virgin Islands	6467	0	62	0	0	0	6405	1	103397	30602
28	Brunei	142627	0	218	0	141673	0	736	1	717784	445201
29	Bulgaria	1159150	0	36966	0	989234	0	132950	78	9883745	6852055
30	Burkina Faso	20853	0	382	0	20439	0	32	0	248995	21959293
31	Burundi	40736	0	38	0	773	0	39925	0	345742	12543196
32	Cabo Verde	56062	0	401	0	55572	0	89	23	400982	567118
33	Cambodia	136262	0	3056	0	133181	4	25	0	2957188	17145441
34	Cameroon	119780	0	1927	0	117791	0	62	13	1751774	27763377
35	Canada	3789517	0	39740	0	3479683	0	270094	468	61161915	38352142
36	Caribbean Netherlands	9814	0	34	0	9730	0	50	0	30126	26672
37	Cayman Islands	22828	0	27	0	8553	0	14248	1	222773	67145
38	Central African Republic	14649	0	113	0	6859	0	7677	2	81294	4984528
39	Chad	7412	0	193	0	4874	0	2345	0	191341	17294209
40	Channel Islands	74865	0	172	0	73987	0	706	0	1252808	176817
41	Chile	3576139	0	57629	0	3443041	0	75469	175	37312893	19418677
42	China	219625	329	5174	8	205270	1115	9181	533	160000000	1439323776
43	Colombia	6093645	0	139809	0	5927076	0	26760	342	34560302	51882583
44	Comoros	8100	0	160	0	7933	0	7	0	0	903736
45	Congo	24079	0	385	0	20178	0	3516	0	347815	5768344
46	Cook Islands	5267	0	1	0	5072	0	194	0	17108	17594
47	Costa Rica	857290	0	8421	0	836721	0	12148	42	4291131	5179864
48	Croatia	1127336	0	15881	0	1106025	0	5430	16	4810816	4058612
49	Cuba	1103876	0	8527	0	1094698	0	651	23	12920253	11313873
50	Curaçao	42567	0	275	0	41905	0	387	3	496693	165330
51	Cyprus	477711	0	1032	0	124370	0	352309	60	9477138	1223560
52	Czechia	3912121	0	40212	0	3861855	0	10054	22	55271340	10745602
53	Côte d'Ivoire	81970	0	799	0	81150	0	21	0	1505495	27581816
54	DRC	87023	0	1337	0	50930	0	34756	0	846704	94577426
55	Denmark	2971655	0	6234	0	2952806	0	12615	6	127282729	5829801
56	Diamond Princess	712	0	13	0	699	0	0	0	0	0
57	Djibouti	15631	0	189	0	15427	0	15	0	305941	1014481
58	Dominica	12386	0	63	0	12119	0	204	0	192785	72316
59	Dominican Republic	579743	0	4376	0	574987	0	380	1	3288872	11048431
60	Ecuador	870526	0	35598	0	0	0	834928	759	2470170	18136835
61	Egypt	515645	0	24613	0	442182	0	48850	122	3693367	105891415
62	El Salvador	162089	0	4128	0	150662	0	7299	8	1950448	6546533
63	Equatorial Guinea	15910	0	183	0	15701	0	26	5	317211	1487892
64	Eritrea	9737	0	103	0	9631	0	3	0	23693	3636889
65	Estonia	572434	0	2548	0	511857	0	58029	3	3329716	1328179
66	Ethiopia	470730	0	7510	0	455724	0	7496	4	4810790	120210483
67	Falkland Islands (Malvinas)	197	0	0	0	0	0	197	0	8632	3667
68	Faroe Islands	34658	0	28	0	7693	0	26937	5	778000	49205
69	Fiji	64699	0	862	0	62815	0	1022	0	508406	908419
70	Finland	1052767	0	4150	0	46000	0	1002617	21	10773620	5556586
71	France	28928097	0	146670	0	27624354	0	1157073	1408	269816888	65539748
72	French Guiana	80859	0	395	0	11254	0	69210	2	627211	312946
73	French Polynesia	72776	0	648	0	0	0	72128	7	0	283901
74	Gabon	47602	0	304	0	47285	0	13	0	1593622	2322504
75	Gambia	11995	0	365	0	11591	0	39	0	155686	2541750
76	Georgia	1655221	0	16811	0	1637293	0	1117	0	16920079	3975054
77	Germany	25337996	0	136914	0	23246900	40900	1954182	1279	122332384	84277770
78	Ghana	161222	0	1445	0	159746	0	31	1	2438745	32268187
79	Gibraltar	17996	0	102	0	16579	0	1315	0	534283	33672
80	Greece	3358584	0	29369	0	3256621	0	72594	210	80528322	10329224
81	Greenland	11971	0	21	0	2761	0	9189	4	164926	56952
82	Grenada	15483	0	220	0	14408	0	855	4	153692	113484
83	Guadeloupe	140130	0	854	0	2250	0	137026	19	938039	400250
84	Guatemala	849417	0	17698	0	829325	0	2394	5	4495103	18526323
85	Guinea	36459	0	440	0	35976	0	43	8	660107	13789093
86	Guinea-Bissau	8213	0	171	0	7530	0	512	6	135355	2053707
87	Guyana	63570	0	1228	0	62217	0	125	0	603198	793548
88	Haiti	30703	0	835	0	29555	0	313	0	132422	11658743
89	Holy See (Vatican City State)	29	0	0	0	29	0	0	0	0	805
90	Honduras	423879	0	10895	0	132358	0	280626	105	1359869	10194944
91	Hong Kong	1206319	0	9344	0	0	0	1196975	5	44972952	7609098
92	Hungary	1903200	0	46266	0	1808061	0	48873	40	11355462	9615140
93	Iceland	185795	0	119	0	75685	0	109991	0	2264004	345325
94	India	43102508	0	524064	0	42557495	0	20949	698	840693082	1405013751
95	Indonesia	6048204	0	156371	0	5885406	0	6427	2771	96169440	278855032
96	Iran	7224701	0	141165	0	7002258	0	81278	916	50914586	85974534
97	Iraq	2325522	0	25213	0	2298995	0	1314	10	18496907	41885675
98	Ireland	1522363	0	7131	0	1477190	3150	38042	35	12101379	5039455
99	Isle of Man	28416	0	87	0	26794	0	1535	0	150753	85862
100	Israel	4090380	0	10741	0	4052605	0	27034	150	41373364	9326000
101	Italy	16767773	0	164417	0	15471992	0	1131364	355	215865197	60297959
102	Jamaica	130787	0	2973	0	84150	0	43664	0	1013520	2984992
103	Japan	8058591	34696	29785	24	7716884	38042	311922	159	49477103	125762860
104	Jordan	1694216	0	14048	0	1678941	0	1227	124	16670254	10389844
105	Kazakhstan	1305584	0	13661	0	1291366	7	557	24	11575012	19190692
106	Kenya	323868	0	5649	0	318055	0	164	0	3613499	55953847
107	Kiribati	3089	0	13	0	2601	0	475	3	0	122827
108	Kuwait	631701	0	2555	0	628486	0	660	3	8038329	4386978
109	Kyrgyzstan	200993	0	2991	0	196406	0	1596	131	1907195	6722577
110	Lao People's Democratic Republic	208535	0	749	0	7660	0	200126	0	1232128	7470149
111	Latvia	824046	0	5789	0	812244	0	6013	7	7196647	1847774
112	Lebanon	1097492	0	10398	0	1083698	0	3396	186	4795578	6769113
113	Lesotho	32910	0	697	0	24155	0	8058	0	431221	2173553
114	Liberia	7434	0	294	0	5747	0	1393	2	139824	5276719
115	Libyan Arab Jamahiriya	501904	0	6430	0	490973	0	4501	101	2477219	7043513
116	Liechtenstein	17265	0	84	0	17093	0	88	0	102174	38330
117	Lithuania	1059560	0	9119	0	1029136	0	21305	20	8262024	2652309
118	Luxembourg	241160	0	1068	0	231818	0	8274	1	4238251	644748
119	MS Zaandam	9	0	2	0	7	0	0	0	0	0
120	Macao	82	0	0	0	82	0	0	0	5375	665650
121	Macedonia	310140	0	9284	0	300208	0	648	0	2027591	2083216
122	Madagascar	64181	0	1391	0	59370	0	3420	14	426220	29002632
123	Malawi	85811	0	2634	0	82072	0	1105	67	576216	20040726
124	Malaysia	4456736	0	35579	0	4397881	0	23276	86	58902021	33130353
125	Maldives	179171	0	298	0	163687	0	15186	25	2213831	558090
126	Mali	30927	0	733	0	30004	0	190	0	670383	21325412
127	Malta	92729	0	708	0	88728	0	3293	4	1894267	443711
128	Marshall Islands	17	0	0	0	14	0	3	0	0	59926
129	Martinique	153253	0	926	0	104	0	152223	8	828928	374729
130	Mauritania	58736	0	982	0	57702	0	52	0	808001	4874835
131	Mauritius	37744	0	990	0	36042	0	712	0	358675	1275658
132	Mayotte	37363	0	187	0	2964	0	34212	0	176919	284944
133	Mexico	5740080	0	324350	0	5039624	0	376106	4798	15801675	131429715
134	Micronesia	7	0	0	0	1	0	6	0	0	117245
135	Moldova	516986	0	11489	0	504142	0	1355	49	3216305	4016683
136	Monaco	11925	0	54	0	11742	0	129	4	54960	39755
137	Mongolia	469885	0	2179	0	313256	0	154450	192	4030048	3375590
138	Montenegro	235726	0	2717	0	232390	0	619	6	2459066	628213
139	Montserrat	493	0	2	0	245	0	246	0	10715	4998
140	Morocco	1165206	0	16070	0	1148856	0	280	293	11237010	37716972
141	Mozambique	225419	0	2201	0	223163	0	55	13	1316128	32868713
142	Myanmar	613049	0	19434	0	591947	0	1668	0	8016849	55082169
143	Namibia	159136	0	4026	0	153662	0	1448	0	1011757	2625709
144	Nauru	5	0	0	0	3	0	2	0	0	10950
145	Nepal	978925	0	11952	0	966768	0	205	0	5652267	30102613
146	Netherlands	8057700	0	22270	0	7938682	12810	96748	52	21107399	17204757
147	New Caledonia	60749	0	312	0	60231	0	206	9	98964	290557
148	New Zealand	989946	5728	810	2	935880	5725	53256	0	7099152	5002100
149	Nicaragua	18491	0	225	0	4225	0	14041	0	0	6769831
150	Niger	8957	0	309	0	8550	0	98	1	250880	25820611
151	Nigeria	255766	0	3143	0	249914	0	2709	11	5075820	215553411
152	Niue	9	0	0	0	8	0	1	0	0	1646
153	Norway	1427956	0	3006	0	0	0	1424950	20	11002430	5499382
154	Oman	389126	0	4258	0	384243	0	625	4	25000000	5345918
155	Pakistan	1528736	46	30375	3	1494141	0	4220	91	28239539	228796622
156	Palau	4732	0	6	0	4086	0	640	1	47272	18253
157	Palestine	581940	0	5353	0	576242	0	345	17	3078533	5319929
158	Panama	786856	0	8192	0	766098	0	12566	16	5931178	4439953
159	Papua New Guinea	43821	0	650	0	43133	0	38	7	249149	9259359
160	Paraguay	649718	0	18872	0	624673	0	6173	2	2633737	7294030
161	Peru	3569326	0	212933	0	0	0	3356393	272	30039358	33818424
162	Philippines	3686868	0	60439	0	3622124	0	4305	289	29696061	112269371
163	Poland	6000217	0	116138	0	5334901	0	549178	1125	36155458	37770210
164	Portugal	3935932	0	22420	0	0	0	3913512	61	41541745	10141912
165	Qatar	365058	0	677	0	363817	0	564	2	3461921	2807805
166	Romania	2898848	0	65560	0	2606660	0	226628	169	22827291	19001192
167	Russia	18222219	0	376828	0	17596716	0	248675	2300	273400000	146049804
168	Rwanda	129847	0	1459	0	45522	0	82866	0	5301631	13543797
169	Réunion	398115	0	756	0	383424	0	13935	10	1603660	907090
170	S. Korea	17544398	40064	23360	71	0	0	17521038	423	15804065	51350514
171	Saint Helena	2	0	0	0	2	0	0	0	0	6110
172	Saint Kitts and Nevis	5587	0	43	0	5523	0	21	0	70707	53893
173	Saint Lucia	23635	0	368	0	23013	0	254	0	143281	185174
174	Saint Martin	10537	0	63	0	1399	0	9075	7	112382	39881
175	Saint Pierre Miquelon	2727	0	1	0	2449	0	277	1	23545	5742
176	Saint Vincent and the Grenadines	6792	0	106	0	6641	0	45	0	99029	111589
177	Samoa	10210	0	20	0	1605	0	8585	4	73313	200844
178	San Marino	16623	0	115	0	16251	0	257	4	152231	34062
179	Sao Tome and Principe	5964	0	73	0	5884	0	7	0	29036	226659
180	Saudi Arabia	755076	0	9099	0	742451	0	3526	55	41966629	35813146
181	Senegal	86012	0	1966	0	84034	0	12	0	1073970	17556881
182	Serbia	2009677	0	16024	0	1981836	0	11817	24	9537555	8672508
183	Seychelles	42841	0	166	0	42223	0	452	0	0	99469
184	Sierra Leone	7682	0	125	0	0	0	7557	0	259958	8275920
185	Singapore	1215499	0	1350	0	1147296	0	66853	5	23767171	5935155
186	Sint Maarten	10065	0	86	0	9913	0	66	10	62056	43773
187	Slovakia	1784899	0	19968	0	1753685	0	11246	41	7112210	5464516
188	Slovenia	1015456	0	6611	0	997423	0	11422	18	2651574	2079465
189	Solomon Islands	16441	0	144	0	14797	0	1500	1	5117	717920
190	Somalia	26485	0	1350	0	13182	0	11953	0	400466	16710130
191	South Africa	3835902	0	100516	0	3676810	0	58576	192	24654271	60686992
192	South Sudan	17492	0	138	0	13514	0	3840	1	385179	11435627
193	Spain	12009059	0	104869	0	11467015	0	437175	339	471036328	46788158
194	Sri Lanka	663533	0	16509	0	646141	0	883	0	6486117	21578749
195	St. Barth	4575	0	6	0	0	0	4569	0	78646	9933
196	Sudan	62135	0	4933	0	0	0	57202	0	562941	45735745
197	Suriname	79393	0	1328	0	49402	0	28663	0	236066	596321
198	Swaziland	71089	0	1400	0	69172	0	517	11	1018283	1182306
199	Sweden	2503090	0	18791	0	2474098	1682	10201	16	18534055	10215347
200	Switzerland	3619035	0	13865	0	3514825	7204	90345	69	20851897	8771291
201	Syrian Arab Republic	55847	0	3150	0	52305	0	392	0	146269	18283988
202	Taiwan	314983	0	907	0	33607	0	280469	0	15265197	23896234
203	Tajikistan	17388	0	124	0	17264	0	0	0	0	9932386
204	Tanzania	33872	0	803	0	0	0	33069	7	0	62868785
205	Thailand	4324850	8081	29091	54	4204483	10588	91276	1496	17270775	70122826
206	Timor-Leste	22885	0	130	0	22730	0	25	0	263328	1364723
207	Togo	37000	0	273	0	36707	0	20	0	732162	8636245
208	Tonga	10765	0	11	0	9609	0	1145	0	502224	107903
209	Trinidad and Tobago	151235	0	3847	0	137933	0	9455	18	714919	1407842
210	Tunisia	1040712	0	28566	0	0	0	1012146	29	4584296	12046573
211	Turkey	15041899	0	98837	0	14939893	0	3169	975	159752683	86011903
212	Turks and Caicos Islands	5995	0	36	0	5918	0	41	4	497269	39682
213	UAE	900026	0	2302	0	883975	0	13749	0	157058072	10110665
214	UK	22114034	0	176212	0	21487059	30887	450763	253	519264096	68543359
215	USA	83567707	0	1024525	0	80930086	0	1613096	1713	1011322441	334580570
216	Uganda	164069	0	3596	0	100205	0	60268	2	2612795	48402062
217	Ukraine	5002870	0	108411	0	0	0	4894459	177	19521252	43249552
218	Uruguay	899723	0	7210	0	888557	0	3956	18	6091188	3495921
219	Uzbekistan	238695	0	1637	0	236797	0	261	23	1377915	34363234
220	Vanuatu	7734	0	14	0	7443	0	277	0	24976	320370
221	Venezuela	522672	0	5709	0	515899	0	1064	230	3359014	28287443
222	Vietnam	10673915	0	43055	0	9318525	0	1312335	473	85805012	98952988
223	Wallis and Futuna	454	0	7	0	438	0	9	0	20508	10876
224	Western Sahara	10	0	1	0	9	0	0	0	0	624399
225	Yemen	11819	0	2149	0	9009	0	661	23	265253	31036422
226	Zambia	320099	0	3982	0	315576	0	541	1	3438434	19332496
227	Zimbabwe	248269	0	5476	0	242008	0	785	12	2272070	15261709
