	State	Total Cases	Recovered	Total deaths	Foreign Cases
0	Andaman and Nicobar Islands	10037	9906	129	0
1	Andhra Pradesh	2319737	2304957	14730	0
2	Arunachal Pradesh	64500	64199	296	0
3	Assam	724219	716227	7986	0
4	Bihar	830616	818308	12256	0
5	Chandigarh	92136	90895	1165	0
6	Chhattisgarh	1152306	1138234	14034	0
7	Dadra and Nagar Haveli and Daman and Diu	11441	11437	4	0
8	Delhi	1892832	1860698	26179	1
9	Goa	245488	241600	3832	1
10	Gujarat	1224470	1213401	10944	1
11	Haryana	996091	982821	10620	14
12	Himachal Pradesh	284862	280676	4134	0
13	Jammu and Kashmir	454099	449280	4751	0
14	Jharkhand	435266	429907	5317	0
15	Karnataka	3948635	3906587	40103	0
16	Kerala***	6543863	6471655	69245	0
17	Ladakh	28248	28018	228	0
18	Lakshadweep	11402	11350	52	0
19	Madhya Pradesh	1041661	1030729	10735	0
20	Maharashtra	7879054	7729931	147846	3
21	Manipur	137225	135098	2120	0
22	Meghalaya	93807	92204	1593	0
23	Mizoram	227720	226774	697	0
24	Nagaland	35489	34728	760	0
25	Odisha	1288131	1278849	9126	0
26	Puducherry	165797	163827	1962	0
27	Punjab	759882	741847	17751	0
28	Rajasthan	1284130	1274060	9553	2
29	Sikkim	39154	38700	452	0
30	Tamil Nadu	3454306	3415782	38025	6
31	Telangana	792295	787795	4111	0
32	Tripura	100886	99959	923	0
33	Uttarakhand	437604	429418	7693	1
34	Uttar Pradesh	2076277	2050732	23509	1
35	West Bengal	2018528	1996906	21203	0
