	Date	Daily confirmed	Daily Recovered	Total Confirmed	Total Recovered	Daily Deaths	Total Deaths
0	30 January 2020	1	0	1	0	0	0
1	31 January 2020	0	0	1	0	0	0
2	1 February 2020	0	0	1	0	0	0
3	2 February 2020	1	0	2	0	0	0
4	3 February 2020	1	0	3	0	0	0
5	4 February 2020	0	0	3	0	0	0
6	5 February 2020	0	0	3	0	0	0
7	6 February 2020	0	0	3	0	0	0
8	7 February 2020	0	0	3	0	0	0
9	8 February 2020	0	0	3	0	0	0
10	9 February 2020	0	0	3	0	0	0
11	10 February 2020	0	0	3	0	0	0
12	11 February 2020	0	0	3	0	0	0
13	12 February 2020	0	0	3	0	0	0
14	13 February 2020	0	1	3	1	0	0
15	14 February 2020	0	0	3	1	0	0
16	15 February 2020	0	0	3	1	0	0
17	16 February 2020	0	1	3	2	0	0
18	17 February 2020	0	0	3	2	0	0
19	18 February 2020	0	0	3	2	0	0
20	19 February 2020	0	0	3	2	0	0
21	20 February 2020	0	1	3	3	0	0
22	21 February 2020	0	0	3	3	0	0
23	22 February 2020	0	0	3	3	0	0
24	23 February 2020	0	0	3	3	0	0
25	24 February 2020	0	0	3	3	0	0
26	25 February 2020	0	0	3	3	0	0
27	26 February 2020	0	0	3	3	0	0
28	27 February 2020	0	0	3	3	0	0
29	28 February 2020	0	0	3	3	0	0
30	29 February 2020	0	0	3	3	0	0
31	1 March 2020	0	0	3	3	0	0
32	2 March 2020	2	0	5	3	0	0
33	3 March 2020	1	0	6	3	0	0
34	4 March 2020	22	0	28	3	0	0
35	5 March 2020	2	0	30	3	0	0
36	6 March 2020	1	0	31	3	0	0
37	7 March 2020	3	0	34	3	0	0
38	8 March 2020	5	0	39	3	0	0
39	9 March 2020	9	0	48	3	0	0
40	10 March 2020	15	1	63	4	0	0
41	11 March 2020	8	0	71	4	0	0
42	12 March 2020	10	0	81	4	1	1
43	13 March 2020	10	6	91	10	0	1
44	14 March 2020	11	0	102	10	1	2
45	15 March 2020	10	3	112	13	0	2
46	16 March 2020	14	1	126	14	0	2
47	17 March 2020	20	1	146	15	1	3
48	18 March 2020	25	0	171	15	0	3
49	19 March 2020	27	5	198	20	1	4
50	20 March 2020	58	3	256	23	0	4
51	21 March 2020	78	0	334	23	0	4
52	22 March 2020	69	0	403	23	3	7
53	23 March 2020	94	2	497	25	2	9
54	24 March 2020	74	15	571	40	1	10
55	25 March 2020	86	3	657	43	1	11
56	26 March 2020	73	7	730	50	5	16
57	27 March 2020	153	25	883	75	3	19
58	28 March 2020	136	10	1019	85	5	24
59	29 March 2020	120	17	1139	102	3	27
60	30 March 2020	187	35	1326	137	14	41
61	31 March 2020	309	13	1635	150	6	47
62	1 April 2020	424	19	2059	169	6	53
63	2 April 2020	486	22	2545	191	16	69
64	3 April 2020	560	39	3105	230	14	83
65	4 April 2020	579	56	3684	286	13	96
66	5 April 2020	609	43	4293	329	22	118
67	6 April 2020	484	65	4777	394	16	134
68	7 April 2020	573	75	5350	469	27	161
69	8 April 2020	565	96	5915	565	20	181
70	9 April 2020	813	70	6728	635	46	227
71	10 April 2020	871	151	7599	786	22	249
72	11 April 2020	854	186	8453	972	41	290
73	12 April 2020	758	114	9211	1086	42	332
74	13 April 2020	1243	112	10454	1198	27	359
75	14 April 2020	1031	167	11485	1365	37	396
76	15 April 2020	886	144	12371	1509	27	423
77	16 April 2020	1061	258	13432	1767	26	449
78	17 April 2020	922	273	14354	2040	38	487
79	18 April 2020	1371	426	15725	2466	35	522
80	19 April 2020	1580	388	17305	2854	38	560
81	20 April 2020	1239	419	18544	3273	33	593
82	21 April 2020	1537	703	20081	3976	53	646
83	22 April 2020	1292	394	21373	4370	36	682
84	23 April 2020	1667	642	23040	5012	40	722
85	24 April 2020	1408	484	24448	5496	59	781
86	25 April 2020	1835	442	26283	5938	44	825
87	26 April 2020	1607	585	27890	6523	56	881
88	27 April 2020	1568	580	29458	7103	58	939
89	28 April 2020	1902	636	31360	7739	69	1008
90	29 April 2020	1705	690	33065	8429	71	1079
91	30 April 2020	1801	630	34866	9059	75	1154
92	1 May 2020	2396	962	37262	10021	77	1231
93	2 May 2020	2564	831	39826	10852	92	1323
94	3 May 2020	2952	911	42778	11763	140	1463
95	4 May 2020	3656	1082	46434	12845	103	1566
96	5 May 2020	2971	1295	49405	14140	128	1694
97	6 May 2020	3602	1161	53007	15301	91	1785
98	7 May 2020	3344	1475	56351	16776	104	1889
99	8 May 2020	3339	1111	59690	17887	97	1986
100	9 May 2020	3175	1414	62865	19301	115	2101
101	10 May 2020	4311	1669	67176	20970	112	2213
102	11 May 2020	3592	1579	70768	22549	81	2294
103	12 May 2020	3562	1905	74330	24454	120	2414
104	13 May 2020	3726	1963	78056	26417	137	2551
105	14 May 2020	3991	1594	82047	28011	97	2648
106	15 May 2020	3808	2234	85855	30245	104	2752
107	16 May 2020	4794	4012	90649	34257	120	2872
108	17 May 2020	5049	2538	95698	36795	152	3024
109	18 May 2020	4628	2482	100326	39277	131	3155
110	19 May 2020	6154	3032	106480	42309	146	3301
111	20 May 2020	5720	3113	112200	45422	134	3435
112	21 May 2020	6023	3131	118223	48553	148	3583
113	22 May 2020	6536	3280	124759	51833	142	3725
114	23 May 2020	6667	2576	131424	54409	142	3867
115	24 May 2020	7111	3285	138537	57694	156	4023
116	25 May 2020	6414	3012	144951	60706	150	4173
117	26 May 2020	5907	3585	150858	64291	173	4346
118	27 May 2020	7246	3434	158104	67725	188	4534
119	28 May 2020	7254	3171	165358	70896	176	4710
120	29 May 2020	8138	11735	173496	82631	269	4979
121	30 May 2020	8364	4303	181860	86934	205	5184
122	31 May 2020	8789	4928	190649	91862	222	5406
123	1 June 2020	7723	3882	198372	95744	201	5607
124	2 June 2020	8812	4531	207187	100275	222	5829
125	3 June 2020	9689	3789	216876	104064	259	6088
126	4 June 2020	9847	4390	226723	108454	274	6362
127	5 June 2020	9472	4770	236195	113224	286	6648
128	6 June 2020	10408	5433	246603	118657	297	6945
129	7 June 2020	10882	5191	257485	123848	261	7206
130	8 June 2020	8536	5171	266021	129019	271	7477
131	9 June 2020	9981	5634	276002	134653	272	7749
132	10 June 2020	11156	6275	287158	140928	358	8107
133	11 June 2020	11135	6044	298293	146972	394	8501
134	12 June 2020	11306	7263	309599	154235	388	8889
135	13 June 2020	12039	8092	321638	162327	309	9198
136	14 June 2020	11405	7358	333043	169685	324	9522
137	15 June 2020	10032	10639	343075	180324	396	9918
138	16 June 2020	11086	7226	354161	187550	2004	11922
139	17 June 2020	13108	6890	367269	194440	341	12263
140	18 June 2020	13829	10741	381098	205181	343	12606
141	19 June 2020	14740	9029	395838	214210	364	12970
142	20 June 2020	15918	13974	411753	228184	308	13278
143	21 June 2020	15151	9075	426904	237259	426	13704
144	22 June 2020	13560	10879	440464	248138	312	14016
145	23 June 2020	15656	10462	456120	258600	468	14484
146	24 June 2020	16868	13089	472988	271689	424	14908
147	25 June 2020	18205	13983	491193	285672	401	15309
148	26 June 2020	18255	10246	509448	295918	381	15690
149	27 June 2020	20142	14229	529590	310147	414	16104
150	28 June 2020	19610	11631	549200	321778	384	16488
151	29 June 2020	18339	13497	567539	335275	417	16905
152	30 June 2020	18256	12565	585795	347840	506	17411
153	1 July 2020	19429	12064	605224	359904	438	17849
154	2 July 2020	21947	19999	627171	379903	378	18227
155	3 July 2020	22718	14417	649889	394320	444	18671
156	4 July 2020	24018	14746	673907	409066	611	19282
157	5 July 2020	23942	15829	697849	424895	421	19703
158	6 July 2020	22500	15315	720349	440210	473	20176
159	7 July 2020	23147	16836	743496	457046	479	20655
160	8 July 2020	25561	19508	769057	476554	492	21147
161	9 July 2020	25790	19408	794847	495962	479	21626
162	10 July 2020	27762	20289	822609	516251	520	22146
163	11 July 2020	27757	19981	850366	536232	543	22689
164	12 July 2020	29106	18198	879472	554430	500	23189
165	13 July 2020	28178	17683	907650	572113	541	23730
166	14 July 2020	29917	20977	937567	593090	587	24317
167	15 July 2020	32607	20646	970174	613736	614	24931
168	16 July 2020	35468	22867	1005642	636603	680	25611
169	17 July 2020	34820	17476	1040462	654079	676	26287
170	18 July 2020	37411	23583	1077873	677662	543	26830
171	19 July 2020	40235	22730	1118108	700392	675	27505
172	20 July 2020	36806	24303	1154914	724695	596	28101
173	21 July 2020	39170	27589	1194084	752284	671	28772
174	22 July 2020	45601	31875	1239685	784159	1130	29902
175	23 July 2020	48443	33326	1288128	817485	755	30657
176	24 July 2020	48888	32514	1337016	849999	763	31420
177	25 July 2020	50072	37125	1387088	887124	703	32123
178	26 July 2020	48932	31512	1436020	918636	704	32827
179	27 July 2020	46484	34354	1482504	952990	642	33469
180	28 July 2020	49631	35683	1532135	988673	774	34243
181	29 July 2020	52479	32886	1584614	1021559	775	35018
182	30 July 2020	54968	37425	1639582	1058984	784	35802
183	31 July 2020	57486	36554	1697068	1095538	764	36566
184	1 August 2020	55117	51368	1752185	1146906	854	37420
185	2 August 2020	52672	40355	1804857	1187261	760	38180
186	3 August 2020	50488	43070	1855345	1230331	806	38986
187	4 August 2020	51282	51220	1906627	1281551	849	39835
188	5 August 2020	56626	45583	1963253	1327134	919	40754
189	6 August 2020	62170	50141	2025423	1377275	899	41653
190	7 August 2020	61455	50387	2086878	1427662	936	42589
191	8 August 2020	65156	52135	2152034	1479797	875	43464
192	9 August 2020	62117	54474	2214151	1534271	1013	44477
193	10 August 2020	53016	47362	2267167	1581633	887	45364
194	11 August 2020	61252	56461	2328419	1638094	835	46199
195	12 August 2020	67066	57759	2395485	1695853	950	47149
196	13 August 2020	64141	54776	2459626	1750629	1006	48155
197	14 August 2020	65610	56920	2525236	1807549	989	49144
198	15 August 2020	63986	53116	2589222	1860665	952	50096
199	16 August 2020	58096	57404	2647318	1918069	952	51048
200	17 August 2020	54298	58172	2701616	1976241	880	51928
201	18 August 2020	65024	60455	2766640	2036696	1099	53027
202	19 August 2020	69196	59365	2835836	2096061	979	54006
203	20 August 2020	68518	61873	2904354	2157934	981	54987
204	21 August 2020	69029	62858	2973383	2220792	953	55940
205	22 August 2020	70067	59101	3043450	2279893	918	56858
206	23 August 2020	61749	56896	3105199	2336789	846	57704
207	24 August 2020	59696	66305	3164895	2403094	854	58558
208	25 August 2020	66873	64151	3231768	2467245	1066	59624
209	26 August 2020	75995	56191	3307763	2523436	1017	60641
210	27 August 2020	76827	59620	3384590	2583056	1066	61707
211	28 August 2020	76657	64475	3461247	2647531	1019	62726
212	29 August 2020	78479	64982	3539726	2712513	943	63669
213	30 August 2020	79461	60422	3619187	2772935	960	64629
214	31 August 2020	68766	64435	3687953	2837370	816	65445
215	1 September 2020	78168	62145	3766121	2899515	892	66337
216	2 September 2020	82860	67874	3848981	2967389	913	67250
217	3 September 2020	84156	67491	3933137	3034880	979	68229
218	4 September 2020	87115	69625	4020252	3104505	950	69179
219	5 September 2020	90600	73161	4110852	3177666	916	70095
220	6 September 2020	91725	69630	4202577	3247296	1005	71100
221	7 September 2020	75015	74116	4277592	3321412	1129	72229
222	8 September 2020	89855	74608	4367447	3396020	1107	73336
223	9 September 2020	95536	73062	4462983	3469082	1168	74504
224	10 September 2020	96762	70904	4559745	3539986	1213	75717
225	11 September 2020	97655	81456	4657400	3621442	1202	76919
226	12 September 2020	94414	77862	4751814	3699304	1111	78030
227	13 September 2020	93220	77748	4845034	3777052	1140	79170
228	14 September 2020	81913	79213	4926947	3856265	1054	80224
229	15 September 2020	91098	82849	5018045	3939114	1281	81505
230	16 September 2020	97860	82924	5115905	4022038	1140	82645
231	17 September 2020	96787	87788	5212692	4109826	1175	83820
232	18 September 2020	92973	95515	5305665	4205341	1221	85041
233	19 September 2020	92574	94389	5398239	4299730	1149	86190
234	20 September 2020	87395	92926	5485634	4392656	1135	87325
235	21 September 2020	74493	102070	5560127	4494726	1056	88381
236	22 September 2020	83362	89657	5643489	4584383	1085	89466
237	23 September 2020	86703	87459	5730192	4671842	1123	90589
238	24 September 2020	85921	81142	5816113	4752984	1144	91733
239	25 September 2020	85717	93331	5901830	4846315	1093	92826
240	26 September 2020	88759	92365	5990589	4938680	1124	93950
241	27 September 2020	82770	74691	6073359	5013371	1040	94990
242	28 September 2020	69669	85198	6143028	5098569	775	95765
243	29 September 2020	80500	86150	6223528	5184719	1178	96943
244	30 September 2020	86748	85274	6310276	5269993	1179	98122
245	1 October 2020	81784	78731	6392060	5348724	1099	99221
246	2 October 2020	79883	76339	6471943	5425063	1068	100289
247	3 October 2020	75479	81655	6547422	5506718	937	101226
248	4 October 2020	74770	76713	6622192	5583431	903	102129
249	5 October 2020	60130	75855	6682322	5659286	886	103015
250	6 October 2020	71869	81945	6754191	5741231	990	104005
251	7 October 2020	78809	83209	6833000	5824440	963	104968
252	8 October 2020	70797	78745	6903797	5903185	967	105935
253	9 October 2020	73305	82628	6977102	5985813	929	106864
254	10 October 2020	74418	89024	7051520	6074837	921	107785
255	11 October 2020	67789	71565	7119309	6146402	813	108598
256	12 October 2020	54262	78365	7173571	6224767	710	109308
257	13 October 2020	63717	74079	7237288	6298846	727	110035
258	14 October 2020	67811	81582	7305099	6380428	690	110725
259	15 October 2020	63441	70792	7368540	6451220	882	111607
260	16 October 2020	62304	70568	7430844	6521788	840	112447
261	17 October 2020	61893	72583	7492737	6594371	1032	113479
262	18 October 2020	56519	66418	7549256	6660789	582	114061
263	19 October 2020	45506	69800	7594762	6730589	589	114650
264	20 October 2020	54348	61828	7649110	6792417	714	115364
265	21 October 2020	56264	79561	7705374	6871978	701	116065
266	22 October 2020	54371	74569	7759745	6946547	686	116751
267	23 October 2020	53931	66994	7813676	7013541	655	117406
268	24 October 2020	50366	62270	7864042	7075811	578	117984
269	25 October 2020	45922	59304	7909964	7135115	483	118467
270	26 October 2020	36019	63734	7945983	7198849	485	118952
271	27 October 2020	43036	58429	7989019	7257278	511	119463
272	28 October 2020	50188	56594	8039207	7313872	515	119978
273	29 October 2020	48765	57867	8087972	7371739	562	120540
274	30 October 2020	48117	59005	8136089	7430744	550	121090
275	31 October 2020	47228	58682	8183317	7489426	469	121559
276	1 November 2020	45928	53312	8229245	7542738	491	122050
277	2 November 2020	37592	58524	8266837	7601262	498	122548
278	3 November 2020	46027	53328	8312864	7654590	510	123058
279	4 November 2020	50465	55873	8363329	7710463	707	123765
280	5 November 2020	47628	54133	8410957	7764596	672	124437
281	6 November 2020	50017	53946	8460974	7818542	577	125014
282	7 November 2020	46153	48582	8507127	7867124	557	125571
283	8 November 2020	46707	48465	8553834	7915589	491	126062
284	9 November 2020	37119	41449	8590953	7957038	450	126512
285	10 November 2020	44724	54639	8635677	8011677	511	127023
286	11 November 2020	48285	52704	8683962	8064381	550	127573
287	12 November 2020	44585	49354	8728547	8113735	544	128117
288	13 November 2020	44620	47620	8773167	8161355	517	128634
289	14 November 2020	41692	42317	8814859	8203672	450	129084
290	15 November 2020	30681	44111	8845540	8247783	434	129518
291	16 November 2020	28609	40392	8874149	8288175	451	129969
292	17 November 2020	38548	44753	8912697	8332928	472	130441
293	18 November 2020	45366	48675	8958063	8381603	586	131027
294	19 November 2020	46185	45246	9004248	8426849	582	131609
295	20 November 2020	46283	48968	9050531	8475817	564	132173
296	21 November 2020	45301	44055	9095832	8519872	499	132672
297	22 November 2020	44404	41405	9140236	8561277	510	133182
298	23 November 2020	37441	42195	9177677	8603472	481	133663
299	24 November 2020	44245	37765	9221922	8641237	489	134152
300	25 November 2020	44699	36582	9266621	8677819	518	134670
301	26 November 2020	43174	39723	9309795	8717542	491	135161
302	27 November 2020	41353	41177	9351148	8758719	486	135647
303	28 November 2020	41815	42275	9392963	8800994	495	136142
304	29 November 2020	39036	45152	9431999	8846146	444	136586
305	30 November 2020	31179	42282	9463178	8888428	482	137068
306	1 December 2020	36474	43208	9499652	8931636	501	137569
307	2 December 2020	35506	40908	9535158	8972544	526	138095
308	3 December 2020	36574	42991	9571732	9015535	541	138636
309	4 December 2020	36711	42359	9608443	9057894	511	139147
310	5 December 2020	36010	41885	9644453	9099779	482	139629
311	6 December 2020	33178	39078	9677631	9138857	390	140019
312	7 December 2020	26227	39293	9703858	9178150	386	140405
313	8 December 2020	32083	36583	9735941	9214733	402	140807
314	9 December 2020	31637	37693	9767578	9252426	413	141220
315	10 December 2020	29411	37707	9796989	9290133	411	141631
316	11 December 2020	29961	33492	9826950	9323625	442	142073
317	12 December 2020	30354	33087	9857304	9356712	391	142464
318	13 December 2020	27336	30640	9884640	9387352	338	142802
319	14 December 2020	21941	34421	9906581	9421773	354	143156
320	15 December 2020	26251	33853	9932832	9455626	384	143540
321	16 December 2020	18172	33360	9951004	9488986	356	143896
322	17 December 2020	26754	30891	9977758	9519877	342	144238
323	18 December 2020	26991	29879	10004749	9549756	342	144580
324	19 December 2020	26834	29758	10031583	9579514	342	144922
325	20 December 2020	24622	25734	10056205	9605248	332	145254
326	21 December 2020	19147	30250	10075352	9635498	302	145556
327	22 December 2020	23880	27032	10099232	9662530	329	145885
328	23 December 2020	24716	29946	10123948	9692476	315	146200
329	24 December 2020	23444	24555	10147392	9717031	337	146537
330	25 December 2020	22349	22184	10169741	9739215	251	146788
331	26 December 2020	18575	21466	10188316	9760681	280	147068
332	27 December 2020	20333	21097	10208649	9781778	281	147349
333	28 December 2020	16072	24822	10224721	9806600	250	147599
334	29 December 2020	20542	26589	10245263	9833189	285	147884
335	30 December 2020	21945	26407	10267208	9859596	299	148183
336	31 December 2020	19026	21969	10286234	9881565	244	148427
337	1 January 2021	20159	23838	10306393	9905403	237	148664
338	2 January 2021	18144	20903	10324537	9926306	216	148880
339	3 January 2021	16678	19658	10341215	9945964	215	149095
340	4 January 2021	16278	29209	10357493	9975173	200	149295
341	5 January 2021	17909	21161	10375402	9996334	265	149560
342	6 January 2021	20472	19689	10395874	10016023	222	149782
343	7 January 2021	18123	20503	10413997	10036526	233	150015
344	8 January 2021	18453	19242	10432450	10055768	229	150244
345	9 January 2021	18820	19460	10451270	10075228	213	150457
346	10 January 2021	16086	16737	10467356	10091965	150	150607
347	11 January 2021	12481	18578	10479837	10110543	166	150773
348	12 January 2021	15903	17762	10495740	10128305	200	150973
349	13 January 2021	17015	17797	10512755	10146102	201	151174
350	14 January 2021	15677	15943	10528432	10162045	189	151363
351	15 January 2021	15155	16809	10543587	10178854	176	151539
352	16 January 2021	15050	17202	10558637	10196056	181	151720
353	17 January 2021	13962	14513	10572599	10210569	145	151865
354	18 January 2021	9987	17127	10582586	10227696	137	152002
355	19 January 2021	13787	17229	10596373	10244925	162	152164
356	20 January 2021	15279	20071	10611652	10264996	152	152316
357	21 January 2021	14495	17734	10626147	10282730	161	152477
358	22 January 2021	14323	17166	10640470	10299896	153	152630
359	23 January 2021	14896	16033	10655366	10315929	156	152786
360	24 January 2021	13232	13148	10668598	10329077	131	152917
361	25 January 2021	9098	16092	10677696	10345169	116	153033
362	26 January 2021	12733	13250	10690429	10358419	138	153171
363	27 January 2021	11556	14261	10701985	10372680	123	153294
364	28 January 2021	18912	20315	10720897	10392995	162	153456
365	29 January 2021	13054	14886	10733951	10407881	137	153593
366	30 January 2021	13073	14077	10747024	10421958	128	153721
367	31 January 2021	11527	11882	10758551	10433840	116	153837
368	1 February 2021	8579	13443	10767130	10447283	94	153931
369	2 February 2021	11001	14250	10778131	10461533	113	154044
370	3 February 2021	12925	17813	10791056	10479346	107	154151
371	4 February 2021	12401	15788	10803457	10495134	120	154271
372	5 February 2021	11711	14512	10815168	10509646	95	154366
373	6 February 2021	12069	11761	10827237	10521407	75	154441
374	7 February 2021	11786	11756	10839023	10533163	86	154527
375	8 February 2021	8715	13600	10847738	10546763	78	154605
376	9 February 2021	10731	12928	10858469	10559691	94	154699
377	10 February 2021	12539	11796	10871008	10571487	110	154809
378	11 February 2021	9353	15722	10880361	10587209	85	154894
379	12 February 2021	12137	11358	10892498	10598567	104	154998
380	13 February 2021	12198	11107	10904696	10609674	89	155087
381	14 February 2021	11706	9500	10916402	10619174	91	155178
382	15 February 2021	9086	11793	10925488	10630967	82	155260
383	16 February 2021	11592	11836	10937080	10642803	99	155359
384	17 February 2021	12862	12028	10949942	10654831	100	155459
385	18 February 2021	13237	10914	10963179	10665745	100	155559
386	19 February 2021	13916	10214	10977095	10675959	100	155659
387	20 February 2021	13919	11413	10991014	10687372	89	155748
388	21 February 2021	14278	9715	11005292	10697087	83	155831
389	22 February 2021	10494	13233	11015786	10710320	76	155907
390	23 February 2021	13682	13969	11029468	10724289	103	156010
391	24 February 2021	16930	12100	11046398	10736389	141	156151
392	25 February 2021	16599	12222	11062997	10748611	119	156270
393	26 February 2021	16562	12790	11079559	10761401	114	156384
394	27 February 2021	16805	11709	11096364	10773110	111	156495
395	28 February 2021	15614	11291	11111978	10784401	108	156603
396	1 March 2021	12270	12472	11124248	10796873	92	156695
397	2 March 2021	14998	13113	11139246	10809986	98	156793
398	3 March 2021	17425	14071	11156671	10824057	87	156880
399	4 March 2021	16824	13788	11173495	10837845	113	156993
400	5 March 2021	18324	14186	11191819	10852031	109	157102
401	6 March 2021	18724	14379	11210543	10866410	100	157202
402	7 March 2021	18650	14303	11229193	10880713	97	157299
403	8 March 2021	15353	16606	11244546	10897319	76	157375
404	9 March 2021	17873	20643	11262419	10917962	133	157508
405	10 March 2021	22851	18154	11285270	10936116	125	157633
406	11 March 2021	23298	15092	11308568	10951208	119	157752
407	12 March 2021	24845	19972	11333413	10971180	140	157892
408	13 March 2021	25154	16508	11358567	10987688	159	158051
409	14 March 2021	26513	17590	11385080	11005278	120	158171
410	15 March 2021	24437	20186	11409517	11025464	130	158301
411	16 March 2021	28869	17746	11438386	11043210	187	158488
412	17 March 2021	35838	17793	11474224	11061003	171	158659
413	18 March 2021	39687	20356	11513911	11081359	156	158815
414	19 March 2021	40906	23623	11554817	11104982	188	159003
415	20 March 2021	43815	22971	11598632	11127953	196	159199
416	21 March 2021	47009	21205	11645641	11149158	213	159412
417	22 March 2021	40636	29779	11686277	11178937	197	159609
418	23 March 2021	47239	23913	11733516	11202850	277	159886
419	24 March 2021	53419	26575	11786935	11229425	249	160135
420	25 March 2021	59083	32917	11846018	11262342	257	160392
421	26 March 2021	62276	30341	11908294	11292683	292	160684
422	27 March 2021	62632	28728	11970926	11321411	311	160995
423	28 March 2021	68206	32269	12039132	11353680	295	161290
424	29 March 2021	56152	36989	12095284	11390669	266	161556
425	30 March 2021	53237	41242	12148521	11431911	355	161911
426	31 March 2021	72113	40423	12220634	11472334	458	162369
427	1 April 2021	81398	50384	12302032	11522718	468	162837
428	2 April 2021	89023	44179	12391055	11566897	713	163550
429	3 April 2021	92994	60059	12484049	11626956	514	164064
430	4 April 2021	103794	52840	12587843	11679796	477	164541
431	5 April 2021	96563	50100	12684406	11729896	446	164987
432	6 April 2021	115312	59714	12799718	11789610	630	165617
433	7 April 2021	126276	59137	12925994	11848747	684	166301
434	8 April 2021	131878	61829	13057872	11910576	802	167103
435	9 April 2021	144945	77263	13202817	11987839	773	167876
436	10 April 2021	152565	90328	13355382	12078167	838	168714
437	11 April 2021	169914	75380	13525296	12153547	904	169618
438	12 April 2021	160838	96746	13686134	12250293	880	170498
439	13 April 2021	185297	82271	13871431	12332564	1026	171524
440	14 April 2021	199584	93425	14071015	12425989	1038	172562
441	15 April 2021	216828	117897	14287843	12543886	1184	173746
442	16 April 2021	234002	122886	14521845	12666772	1338	175084
443	17 April 2021	260895	138209	14782740	12804981	1498	176582
444	18 April 2021	275063	143839	15057803	12948820	1620	178202
445	19 April 2021	257003	154357	15314806	13103177	1757	179959
446	20 April 2021	294365	166656	15609171	13269833	2021	181980
447	21 April 2021	315752	179434	15924923	13449267	2101	184081
448	22 April 2021	332531	192317	16257454	13641584	2257	186338
449	23 April 2021	345296	220545	16602750	13862129	2620	188958
450	24 April 2021	348996	215809	16951746	14077938	2761	191719
451	25 April 2021	354658	218626	17306404	14296564	2808	194527
452	26 April 2021	319471	249009	17625875	14545573	2762	197289
453	27 April 2021	362913	262349	17988788	14807922	3286	200575
454	28 April 2021	379404	274171	18368192	15082093	3646	204221
455	29 April 2021	386773	291727	18754965	15373820	3502	207723
456	30 April 2021	402014	299198	19156979	15673018	3525	211248
457	1 May 2021	392576	308688	19549555	15981706	3685	214933
458	2 May 2021	370090	300004	19919645	16281710	3423	218356
459	3 May 2021	355769	318910	20275414	16600620	3439	221795
460	4 May 2021	382847	337699	20658261	16938319	3786	225581
461	5 May 2021	412624	330718	21070885	17269037	3979	229560
462	6 May 2021	414280	328349	21485165	17597386	3923	233483
463	7 May 2021	406901	327675	21892066	17925061	4233	237716
464	8 May 2021	403808	386395	22295874	18311456	4092	241808
465	9 May 2021	366455	353777	22662329	18665233	3749	245557
466	10 May 2021	329491	355930	22991820	19021163	3879	249436
467	11 May 2021	348555	355398	23340375	19376561	4198	253634
468	12 May 2021	362632	352005	23703007	19728566	4128	257762
469	13 May 2021	343005	344676	24046012	20073242	4000	261762
470	14 May 2021	326256	353200	24372268	20426442	3889	265651
471	15 May 2021	310757	362547	24683025	20788989	4077	269728
472	16 May 2021	281837	378526	24964862	21167515	4098	273826
473	17 May 2021	263021	422391	25227883	21589906	4334	278160
474	18 May 2021	267246	389758	25495129	21979664	4529	282689
475	19 May 2021	276187	369005	25771316	22348669	3877	286566
476	20 May 2021	259242	357173	26030558	22705842	4209	290775
477	21 May 2021	257299	357625	26287857	23063467	4194	294969
478	22 May 2021	240897	355138	26528754	23418605	3739	298708
479	23 May 2021	222834	302253	26751588	23720858	4454	303162
480	24 May 2021	195857	326737	26947445	24047595	3509	306671
481	25 May 2021	208992	295264	27156437	24342859	4160	310831
482	26 May 2021	211510	283054	27367947	24625913	3843	314674
483	27 May 2021	186075	271002	27554022	24896915	3659	318333
484	28 May 2021	174083	285332	27728105	25182247	3611	321944
485	29 May 2021	165282	264483	27893387	25446730	3463	325407
486	30 May 2021	153396	237664	28046783	25684394	3130	328537
487	31 May 2021	126883	255125	28173666	25939519	2783	331320
488	1 June 2021	133152	231397	28306818	26170916	3205	334525
489	2 June 2021	134044	211890	28440862	26382806	2898	337423
490	3 June 2021	132424	206722	28573286	26589528	2717	340140
491	4 June 2021	120454	197763	28693740	26787291	3372	343512
492	5 June 2021	114488	189374	28808228	26976665	2682	346194
493	6 June 2021	101209	174156	28909437	27150821	2444	348638
494	7 June 2021	85804	182866	28995241	27333687	2107	350745
495	8 June 2021	92787	162356	29088028	27496043	2222	352967
496	9 June 2021	93883	149022	29181911	27645065	6139	359106
497	10 June 2021	91849	135329	29273760	27780394	3414	362520
498	11 June 2021	84574	122685	29358334	27903079	3996	366516
499	12 June 2021	80525	132664	29438859	28035743	3300	369816
500	13 June 2021	71001	119574	29509860	28155317	3922	373738
501	14 June 2021	60008	117376	29569868	28272693	2733	376471
502	15 June 2021	62215	107776	29632083	28380469	2540	379011
503	16 June 2021	67289	103900	29699372	28484369	2329	381340
504	17 June 2021	62436	88500	29761808	28572869	1591	382931
505	18 June 2021	60765	97854	29822573	28670723	1645	384576
506	19 June 2021	58615	87608	29881188	28758331	1574	386150
507	20 June 2021	52978	78189	29934166	28836520	1424	387574
508	21 June 2021	42683	82031	29976849	28918551	1167	388741
509	22 June 2021	50817	68697	30027666	28987248	1359	390100
510	23 June 2021	54309	69187	30081975	29056435	1323	391423
511	24 June 2021	51659	64369	30133634	29120804	1328	392751
512	25 June 2021	48768	64819	30182402	29185623	1183	393934
513	26 June 2021	49844	57866	30232246	29243489	1258	395192
514	27 June 2021	46523	58563	30278769	29302052	978	396170
515	28 June 2021	37070	57016	30315839	29359068	907	397077
516	29 June 2021	46104	60789	30361943	29419857	819	397896
517	30 June 2021	48606	61813	30410549	29481670	1002	398898
518	1 July 2021	46781	59054	30457330	29540724	857	399755
519	2 July 2021	44187	57497	30501517	29598221	737	400492
520	3 July 2021	43027	52270	30544544	29650491	950	401442
521	4 July 2021	40150	42342	30584694	29692833	725	402167
522	5 July 2021	34026	51933	30618720	29744766	552	402719
523	6 July 2021	43964	47054	30662684	29791820	930	403649
524	7 July 2021	45701	44529	30708385	29836349	819	404468
525	8 July 2021	43504	44204	30751889	29880553	908	405376
526	9 July 2021	42660	45291	30794549	29925844	1207	406583
527	10 July 2021	41494	41511	30836043	29967355	898	407481
528	11 July 2021	37654	39688	30873697	30007043	720	408201
529	12 July 2021	30818	47544	30904515	30054587	2024	410225
530	13 July 2021	40314	42436	30944829	30097023	625	410850
531	14 July 2021	41759	39293	30986588	30136316	578	411428
532	15 July 2021	39071	39827	31025659	30176143	544	411972
533	16 July 2021	38117	43878	31063776	30220021	560	412532
534	17 July 2021	41283	42051	31105059	30262072	517	413049
535	18 July 2021	38330	38545	31143389	30300617	501	413550
536	19 July 2021	29420	45356	31172809	30345973	372	413922
537	20 July 2021	42128	36876	31214937	30382849	3998	417920
538	21 July 2021	41687	38891	31256624	30421740	510	418430
539	22 July 2021	34863	38403	31291487	30460143	481	418911
540	23 July 2021	39501	35144	31330988	30495287	542	419453
541	24 July 2021	40286	40038	31371274	30535325	541	419994
542	25 July 2021	38179	35945	31409453	30571270	411	420405
543	26 July 2021	30820	42503	31440273	30613773	418	420823
544	27 July 2021	42971	41653	31483244	30655426	641	421464
545	28 July 2021	43165	38537	31526409	30693963	640	422104
546	29 July 2021	44671	42115	31571080	30736078	549	422653
547	30 July 2021	41499	37320	31612579	30773398	598	423251
548	31 July 2021	41943	39485	31654522	30812883	542	423793
549	1 August 2021	40629	36628	31695151	30849511	424	424217
550	2 August 2021	30085	39120	31725236	30888631	420	424637
551	3 August 2021	42530	36552	31767766	30925183	561	425198
552	4 August 2021	42797	41873	31810563	30967056	532	425730
553	5 August 2021	45005	40906	31855568	31007962	465	426195
554	6 August 2021	38705	40026	31894273	31047988	616	426811
555	7 August 2021	39068	43935	31933341	31091923	491	427302
556	8 August 2021	36036	39832	31969377	31131755	447	427749
557	9 August 2021	27428	41461	31996805	31173216	376	428125
558	10 August 2021	38376	40097	32035181	31213313	496	428621
559	11 August 2021	41586	39127	32076767	31252440	491	429112
560	12 August 2021	40081	42156	32116848	31294596	583	429695
561	13 August 2021	38761	35759	32155609	31330355	477	430172
562	14 August 2021	36135	37936	32191744	31368291	491	430663
563	15 August 2021	33245	35936	32224989	31404227	421	431084
564	16 August 2021	24692	36862	32249681	31441089	438	431522
